mordheim_trade_node={
	location=187
	color={
		34 18 63 
	}
	inland=yes
	outgoing={
		name="aver_river_trade_node"
		path={
			1471 1252 1266 
		}
		control={
			2859.000000 1553.000000 
		}
	}
	outgoing={
		name="talabec_river_trade_node"
		path={
			1471 1252 1266 
		}
		control={
			2896.000000 1638.000000 
		}
	}
	members={
		75 74 76 186 188 187 182 178 179 180 181 183 189 184 185 191 192 193 197 194 198 199 195 196 200 201 202 761 20 10 157 
	}
}
great_desert_trade_node={
	location=4107
	color={
		235 211 153 
	}
	inland=yes
	outgoing={
		name="fertile_heart_trade_node"
		path={
			1000 1998 1746 
		}
		control={
			2151.000000 1012.000000 2145.000000 1037.000000 2106.000000 1054.000000 2115.000000 1087.000000 2149.000000 1096.000000 
		}
	}
	outgoing={
		name="great_mortis_river_trade_node"
		path={
			963 961 957 913 896 
		}
		control={
			2186.000000 1030.000000 2217.000000 1073.000000 2269.000000 1104.000000 2350.000000 1123.000000 2418.000000 1161.000000 2498.000000 1144.000000 
		}
	}
	outgoing={
		name="sud_trade_node"
		path={
			1000 1020 1026 4164 1238 1239 1244 1004 
		}
		control={
			2177.000000 954.000000 2194.000000 857.000000 2148.000000 820.000000 
		}
	}
	members={
		968 963 914 983 999 961 957 1033 570 574 586 587 387 1749 1747 1744 1745 1242 1762 1764 1768 1765 1766 1761 1760 1763 4107 1237 1021 1023 1026 1020 1022 915 917 918 920 907 905 906 908 1779 924 923 909 
	}
}
northern_wastes_trade_node={
	location=2551
	color={
		22 200 108 
	}
	outgoing={
		name="norsca_trade_node"
		path={
			2554 2556 2557 1498 1924 1265 395 398 461 459 
		}
		control={
			2177.000000 1904.000000 2297.000000 1938.000000 2410.000000 1883.000000 2535.000000 1870.000000 2633.000000 1879.000000 
		}
	}
	outgoing={
		name="the_watchtowers_trade_node"
		path={
			2547 2546 2543 2541 2538 2537 2535 2533 2585 2584 2582 
		}
		control={
			1767.000000 1971.000000 1201.000000 1961.000000 
		}
	}
	outgoing={
		name="the_skull_road_trade_node"
		path={
			2554 2555 2559 2561 2358 2564 972 1213 1474 2627 2629 2635 2642 4928 4929 
		}
		control={
			2318.000000 1991.000000 2523.000000 1954.000000 2719.000000 1985.000000 2925.000000 1980.000000 3063.000000 1902.000000 
		}
	}
	members={
		1480 1545 1547 1498 1924 1481 3193 3194 2543 2546 2544 2542 2545 2547 2548 2549 2553 2557 2558 2560 2562 2564 2563 2565 2561 2559 2556 2554 2555 2551 2552 2550 972 1213 2434 2508 2358 3225 3226 3227 3224 3223 2725 2727 
	}
}
the_watchtowers_trade_node={
	location=2582
	color={
		140 103 67 
	}
	inland=yes
	outgoing={
		name="naggarond_trade_node"
		path={
			4930 2008 2009 
		}
		control={
			1061.000000 1869.000000 902.000000 1843.000000 
		}
	}
	outgoing={
		name="slavers_gate_trade_node"
		path={
			1962 2527 2528 4056 2529 1990 1532 2566 
		}
		control={
			1222.000000 1886.000000 1296.000000 1900.000000 1387.000000 1884.000000 
		}
	}
	members={
		2582 2580 2576 2571 2074 2574 2569 2525 2503 2568 2531 2541 2538 2537 2535 2534 2533 2532 2585 2584 2583 2581 2577 2578 2575 2572 2530 2006 
	}
}
dragon_fang_mount_trade_node={
	location=1723
	color={
		0 128 64 
	}
	outgoing={
		name="pigbarter_trade_node"
		path={
			2152 2156 2155 2204 2145 
		}
		control={
			3531.000000 1266.000000 3430.000000 1285.000000 
		}
	}
	outgoing={
		name="city_of_spices_trade_node"
		path={
			1686 1521 4065 
		}
		control={
			3615.000000 1255.000000 3638.000000 1144.000000 3745.000000 1097.000000 
		}
	}
	members={
		4269 4260 4261 4266 4263 4265 4271 4264 2274 2286 2284 2279 1608 1686 1615 1338 4854 4158 1723 1681 1463 1720 1721 4839 4840 4841 4842 4850 4851 4856 4857 4862 4867 4855 4866 4860 4861 4858 4859 4864 4863 4849 4853 4852 4848 4844 4845 4846 4847 2152 2289 2292 2293 
	}
}
bitter_sea_trade_node={
	location=1428
	color={
		92 34 25 
	}
	outgoing={
		name="lybaras_trade_node"
		path={
			1298 1187 1189 1191 1061 1058 
		}
		control={
			3146.000000 1121.000000 3183.000000 1105.000000 
		}
	}
	outgoing={
		name="pigbarter_trade_node"
		path={
			1298 1339 2126 2144 2145 
		}
		control={
			3079.000000 1215.000000 3100.000000 1193.000000 3197.000000 1178.000000 3313.000000 1212.000000 
		}
	}
	outgoing={
		name="karak_eight_peaks_trade_node"
		path={
			1106 1105 4392 4402 4629 4731 4156 4414 
		}
		control={
			3035.000000 1243.000000 3035.000000 1302.000000 3025.000000 1310.000000 
		}
	}
	members={
		1108 1109 1110 1111 1112 1035 1036 1048 1105 1107 1106 1104 1184 1103 1102 1101 1428 1298 1200 1185 1218 1100 1099 1201 1181 1216 1183 1221 4389 4388 4390 4391 4393 4392 666 4402 4629 377 374 1187 
	}
}
city_of_spices_trade_node={
	location=4065
	color={
		71 201 146 
	}
	outgoing={
		name="eastern_colonies_trade_node"
		path={
			4067 4069 1519 1516 1525 1512 2778 2748 
		}
		control={
			3636.000000 719.000000 3555.000000 478.000000 
		}
	}
	outgoing={
		name="western_ind_trade_node"
		path={
			4067 4069 4253 4083 4093 4095 4188 4192 4103 
		}
		control={
			3789.000000 1009.000000 3818.000000 952.000000 3899.000000 900.000000 
		}
	}
	members={
		1521 1519 2294 4065 4071 4078 4069 4077 4079 4072 4253 4067 4066 4070 2290 2291 2295 2296 2297 2298 4068 2299 4180 4089 4091 4255 4081 4082 4254 4073 4085 4093 4084 4083 4151 2287 4145 4427 4428 4131 4147 4090 4144 4149 4143 
	}
}
new_coast_trade_node={
	location=4286
	color={
		186 101 224 
	}
	outgoing={
		name="gulf_of_medes_trade_node"
		path={
			1627 1500 4178 4176 4171 1449 
		}
		control={
			2493.000000 441.000000 2305.000000 647.000000 
		}
	}
	outgoing={
		name="southern_mountains_trade_node"
		path={
			4288 4290 4887 4889 4086 4598 
		}
		control={
			2669.000000 473.000000 2796.000000 606.000000 2867.000000 621.000000 2867.000000 696.000000 2858.000000 743.000000 
		}
	}
	members={
		1499 3197 3198 4286 4178 4179 4276 4277 4278 4280 4282 4281 4283 4284 4285 4287 4289 4288 4324 4321 4320 4319 4323 4322 4318 4299 4317 4298 4296 4297 4295 4294 4293 4292 4291 4290 1500 1627 1464 1462 4882 4880 4881 4883 4884 4887 4890 4889 4886 4885 4891 4888 4177 4275 4176 
	}
}
lybaras_trade_node={
	location=1058
	color={
		56 172 97 
	}
	outgoing={
		name="quatar_trade_node"
		path={
			1193 1059 1198 1197 1196 1069 970 931 
		}
		control={
			3137.000000 914.000000 2973.000000 936.000000 2905.000000 944.000000 
		}
	}
	outgoing={
		name="eastern_colonies_trade_node"
		path={
			1057 1797 1052 1495 1507 1512 2778 2748 
		}
		control={
			3311.000000 1008.000000 3430.000000 940.000000 3393.000000 723.000000 3461.000000 492.000000 
		}
	}
	members={
		1330 1517 1530 1495 1058 1193 1061 1186 1057 1056 1060 1198 1199 1059 1192 1190 1188 1189 1191 1065 1063 1062 782 829 1064 1068 1069 1072 1197 1070 1196 1194 1222 1195 1076 1071 1077 1075 1074 834 842 1052 1053 1054 1055 4351 609 4868 4878 4869 4871 4872 4873 4874 4876 4879 4877 
	}
}
gulf_of_medes_trade_node={
	location=1449
	color={
		37 143 135 
	}
	outgoing={
		name="sud_trade_node"
		path={
			1336 1758 1756 1754 1466 4200 1246 1004 
		}
		control={
			2303.000000 738.000000 
		}
	}
	outgoing={
		name="quatar_trade_node"
		path={
			1336 1118 1779 924 952 946 930 931 
		}
		control={
			2569.000000 748.000000 2695.000000 831.000000 2834.000000 875.000000 2871.000000 912.000000 
		}
	}
	members={
		1115 1114 1116 1117 1776 1118 1777 1774 1772 1773 1771 1113 1770 1769 1757 1753 1754 1755 1767 1759 1758 1756 1778 4173 4171 4170 4169 4166 4274 4198 1449 1467 1336 1780 1782 4199 1783 1784 1781 4207 
	}
}
spine_of_sotek_trade_node={
	location=4175
	color={
		0 0 255 
	}
	outgoing={
		name="the_capes_trade_node"
		path={
			1386 2514 2517 2518 2521 4153 4363 1380 4355 
		}
		control={
			1061.000000 263.000000 1219.000000 107.000000 1449.530029 38.419998 1641.000000 44.000000 
		}
	}
	outgoing={
		name="fu_chow_trade_node"
		path={
			1386 1556 1403 1405 1409 1636 1629 1618 1609 1595 1593 1549 4243 
		}
		control={
			559.000000 498.000000 5399.000000 761.000000 4554.000000 1212.000000 
		}
	}
	outgoing={
		name="isthmus_of_lustria"
		path={
			1386 2505 2504 4231 4195 2934 1046 4822 850 4608 2340 2334 2327 2325 2320 2319 2322 2314 2312 
		}
		control={
			948.000000 459.000000 922.000000 486.000000 864.000000 494.000000 837.000000 632.000000 838.000000 818.000000 904.000000 934.000000 988.000000 989.000000 1030.000000 1064.000000 
		}
	}
	members={
		1388 1387 1546 1386 1544 1385 4822 4585 4586 4027 2518 2521 2524 2523 1988 2522 2517 2520 4030 1044 4152 4174 4219 2511 4175 4231 1038 4064 2514 2507 2504 4063 2505 4230 2934 4195 4229 4238 1037 1039 2822 850 4242 4236 4240 4239 4241 2339 4059 2820 2347 2002 
	}
}
the_capes_trade_node={
	location=4355
	color={
		255 128 128 
	}
	outgoing={
		name="dawns_light_trade_node"
		path={
			1380 1439 1444 1445 1452 1455 1461 4327 
		}
		control={
			1854.000000 84.000000 2294.000000 74.000000 2594.000000 63.000000 2676.000000 23.000000 
		}
	}
	outgoing={
		name="river_qurveza_trade_node"
		path={
			1380 1539 4375 4373 2498 2494 2492 2467 2466 
		}
		control={
			1620.000000 110.000000 1574.000000 159.000000 1520.000000 183.000000 1508.000000 230.000000 1465.000000 283.000000 1449.000000 385.000000 1449.000000 414.000000 1457.000000 446.000000 1431.000000 464.000000 1392.000000 441.000000 1350.000000 425.000000 1304.000000 423.000000 1266.000000 415.000000 
		}
	}
	members={
		1384 1706 1380 1539 1533 3196 4829 4830 4820 4355 4356 4352 4363 4360 1040 4359 1207 4361 4354 4362 4375 4368 4372 4366 4371 4367 4370 4365 4364 4353 4374 4373 4821 
	}
}
river_qurveza_trade_node={
	location=2466
	color={
		128 255 0 
	}
	outgoing={
		name="great_jungle_trade_node"
		path={
			2468 1378 1529 1586 2413 
		}
		control={
			1261.000000 436.000000 1285.000000 434.000000 1309.000000 444.000000 1349.000000 436.000000 1396.000000 459.000000 1416.000000 481.000000 1451.000000 499.000000 1471.000000 533.000000 1493.000000 569.000000 1532.000000 592.000000 
		}
	}
	outgoing={
		name="amaxon_trade_node"
		path={
			2464 2465 2459 2450 2362 2278 2216 2148 1045 2401 2390 2388 1527 
		}
		control={
			1153.000000 550.000000 1172.000000 625.000000 1080.000000 685.000000 1183.000000 755.000000 
		}
	}
	members={
		1378 1529 1379 4383 4385 4384 4386 4387 2466 2468 2463 2465 2472 2474 1042 2477 2486 2488 2489 2490 2487 2483 2493 2497 4217 4218 2263 2501 2498 2485 2484 4223 2479 2476 2475 2461 2440 2438 2437 2467 2473 2464 2491 2478 2482 2481 2492 2469 2462 2436 4216 2423 2422 2435 2494 2495 2470 2496 2262 2499 2500 4227 847 
	}
}
mangrove_coast_trade_node={
	location=4843
	color={
		128 0 0 
	}
	outgoing={
		name="dawns_light_trade_node"
		path={
			4338 4336 1487 4331 4330 4329 4328 4327 
		}
		control={
			3172.000000 375.000000 2967.000000 156.000000 
		}
	}
	outgoing={
		name="southern_mountains_trade_node"
		path={
			4345 4348 1795 4895 4894 4086 4598 
		}
		control={
			3031.000000 608.000000 2938.000000 628.000000 2887.000000 619.000000 
		}
	}
	members={
		4339 4345 4344 4337 4338 4336 4335 4334 4348 4349 4350 1493 1490 1487 4843 4900 4902 4898 4899 4896 4894 4895 4897 4901 4875 4903 4904 4905 4580 4578 4579 4576 1214 
	}
}
great_jungle_trade_node={
	location=2413
	color={
		128 128 64 
	}
	outgoing={
		name="amaxon_trade_node"
		path={
			2412 2411 2409 1528 1527 
		}
		control={
			1560.000000 690.000000 1343.000000 780.000000 
		}
	}
	outgoing={
		name="south_skavendom_trade_node"
		path={
			4598 
		}
	}
	members={
		1586 1528 2418 2414 2413 2415 2420 2416 2447 2459 2449 2431 2404 2043 1992 2448 2446 2429 2460 2445 2443 2444 2427 2432 2439 2441 2442 2502 2433 2419 2421 2417 2406 2407 2408 2410 2409 2412 2411 1999 2451 2450 2458 
	}
}
amaxon_trade_node={
	location=1527
	color={
		130 172 93 
	}
	outgoing={
		name="isthmus_of_lustria"
		path={
			1503 1508 2330 2329 1542 4220 2315 2312 
		}
		control={
			1199.000000 826.000000 1207.000000 885.000000 1168.000000 951.000000 1199.869995 996.679993 1191.000000 1047.000000 1141.000000 1052.000000 1084.000000 1089.000000 
		}
	}
	outgoing={
		name="sud_trade_node"
		path={
			1626 1432 1434 1435 1468 1004 
		}
		control={
			1338.000000 809.000000 1600.000000 728.000000 1908.000000 753.000000 2084.000000 723.000000 2150.000000 759.000000 
		}
	}
	outgoing={
		name="magritta_trade_node"
		path={
			1626 1442 1359 1317 1319 1456 1366 1566 1292 501 500 553 
		}
		control={
			1295.000000 819.000000 1416.000000 863.000000 1501.000000 957.000000 1560.000000 985.000000 1707.000000 979.000000 1795.000000 1058.000000 1900.000000 1201.000000 2269.000000 1356.000000 2399.000000 1413.000000 
		}
	}
	outgoing={
		name="inner_sea_trade_node"
		path={
			1503 451 
		}
		control={
			1263.000000 816.000000 1403.000000 882.000000 1517.000000 1001.000000 
		}
	}
	members={
		1902 1377 1579 1527 1375 3191 3192 470 2457 4228 2454 2453 2288 2452 2395 2455 2379 2378 2456 2363 2359 2360 4222 4213 4212 2361 2366 2367 2365 4221 2380 2376 2375 2368 2377 2381 2382 2383 2384 2385 2370 2371 2372 2373 2374 2389 2397 2396 2400 2386 2387 2388 2401 4214 2402 2399 2390 2392 2393 2391 2003 1045 1047 2055 2004 2394 4215 2345 2935 2930 4311 
	}
}
western_ind_trade_node={
	location=4103
	color={
		152 84 138 
	}
	outgoing={
		name="eastern_colonies_trade_node"
		path={
			1526 1524 1515 4306 4308 2778 2748 
		}
		control={
			3999.000000 828.000000 3779.000000 547.000000 3715.000000 412.000000 
		}
	}
	outgoing={
		name="grand_canal_trade_node"
		path={
			4110 4106 4111 4250 2937 2938 2872 
		}
		control={
			4009.000000 857.000000 4059.000000 896.000000 4064.000000 927.000000 4071.000000 950.000000 4063.000000 976.000000 
		}
	}
	members={
		1513 1526 1672 4103 4130 4181 4185 4189 4075 4074 4096 4099 4098 4182 4183 4101 4184 4097 4100 4186 4187 4188 4190 4076 4191 4087 4106 4192 4102 4110 4104 4252 4092 4095 4148 4128 4122 4125 4127 4126 4123 4124 4142 
	}
}
athel_loren_trade_node={
	location=662
	color={
		0 128 0 
	}
	inland=yes
	outgoing={
		name="river_grismerie_trade_node"
		path={
			664 765 774 267 
		}
		control={
			2680.000000 1539.000000 
		}
	}
	members={
		662 767 768 776 772 682 675 670 685 668 674 678 775 680 673 687 661 774 777 672 660 765 684 773 771 769 770 664 764 663 763 671 677 665 683 766 669 
	}
}
river_grismerie_trade_node={
	location=267
	color={
		22 21 99 
	}
	inland=yes
	outgoing={
		name="middle_sea_trade_node"
		path={
			1471 1252 1266 
		}
		control={
			2658.000000 1545.000000 2639.000000 1527.000000 2626.000000 1502.000000 2597.000000 1510.000000 2564.000000 1509.000000 2527.000000 1513.000000 2506.000000 1536.000000 
		}
	}
	outgoing={
		name="languille_trade_node"
		path={
			268 271 276 274 278 277 280 311 321 323 298 299 295 
		}
		control={
			2598.000000 1616.000000 2557.000000 1632.000000 
		}
	}
	members={
		4908 4909 245 280 281 268 267 269 263 205 266 271 275 276 259 319 577 277 278 260 274 279 272 216 215 236 237 238 222 235 234 220 214 219 688 261 262 242 
	}
}
southern_mountains_trade_node={
	location=4598
	color={
		236 52 216 
	}
	inland=yes
	outgoing={
		name="karak_eight_peaks_trade_node"
		path={
			4237 926 929 930 932 938 859 837 835 824 163 2200 4156 4414 
		}
		control={
			2892.000000 782.000000 2906.000000 826.000000 2937.000000 881.000000 2978.000000 915.000000 2978.000000 975.000000 3029.000000 1061.000000 3000.000000 1147.000000 2960.000000 1211.000000 2960.000000 1256.000000 3040.000000 1299.000000 
		}
	}
	outgoing={
		name="quatar_trade_node"
		path={
			4237 926 929 930 931 
		}
		control={
			2836.000000 830.000000 
		}
	}
	outgoing={
		name="south_skavendom_trade_node"
		path={
			4598 
		}
	}
	members={
		4812 4811 4814 4810 4816 4817 4809 4819 4815 4598 4237 4273 4465 4575 4482 4437 4422 4398 4279 4581 4583 4584 4582 4748 4599 4588 4589 4590 4592 4591 4594 4595 4593 4399 4400 4396 4394 4397 4395 4596 4403 4401 4409 4406 4408 4574 4404 4597 4405 4407 567 382 385 4835 4893 
	}
}
nippon_trade_node={
	location=1584
	color={
		238 47 132 
	}
	outgoing={
		name="fu_chow_trade_node"
		path={
			4781 2364 4141 1592 1591 1548 1506 4243 
		}
		control={
			4640.000000 933.000000 4624.000000 1061.000000 
		}
	}
	outgoing={
		name="north_skavendom_trade_node"
		path={
			1584 
		}
	}
	outgoing={
		name="calith_trade_node"
		path={
			4777 4772 4791 2341 1558 1537 1535 1522 2902 2890 2879 2877 
		}
		control={
			4693.000000 873.000000 4760.000000 814.000000 4812.000000 652.000000 4533.000000 363.000000 4241.000000 211.000000 
		}
	}
	members={
		1713 1558 1331 1541 1591 1593 1592 1585 1584 1583 1581 2045 2073 2058 2028 4780 4783 4784 2216 4781 4782 4788 2430 4792 2338 2341 4763 4764 4771 4791 4141 2362 2248 2069 4777 4787 4766 4765 4768 4774 4770 4773 4760 4761 4762 4776 4772 4778 4779 4775 4769 4431 4430 4767 4785 2148 4818 2509 2510 2513 2519 2516 4789 4836 
	}
}
khuresh_trade_node={
	location=4807
	color={
		161 152 84 
	}
	outgoing={
		name="grand_canal_trade_node"
		path={
			2955 4433 2943 2865 2869 2872 
		}
		control={
			4066.000000 697.000000 4053.000000 818.000000 4102.000000 888.000000 
		}
	}
	outgoing={
		name="calith_trade_node"
		path={
			2967 4806 4571 4432 4786 4172 2878 2877 
		}
		control={
			4195.000000 519.000000 
		}
	}
	members={
		1458 1345 1522 1535 1537 1538 3199 3200 3201 3202 4807 2957 2978 2939 2932 2937 2987 2989 2993 4021 2991 2995 4026 4806 2967 2955 2515 2867 4111 2950 2948 2949 2947 2862 2860 2871 2856 2857 2858 2881 2887 2906 2875 2874 2912 2917 2913 2925 2927 2929 4833 4832 1220 
	}
}
norsca_trade_node={
	location=459
	color={
		117 88 207 
	}
	outgoing={
		name="wheatlands_trade_node"
		path={
			460 457 4945 1165 4946 419 1284 804 794 
		}
		control={
			2845.000000 1851.000000 2926.000000 1867.000000 2978.000000 1848.000000 3087.000000 1777.000000 
		}
	}
	outgoing={
		name="albion_trade_node"
		path={
			424 423 429 425 435 417 4225 
		}
		control={
			2649.000000 1824.000000 2606.000000 1811.000000 2583.000000 1786.000000 2554.000000 1792.000000 2511.000000 1784.000000 2488.000000 1763.000000 2452.000000 1775.000000 
		}
	}
	outgoing={
		name="sea_of_claws_trade_node"
		path={
			437 440 442 1927 1488 1485 332 
		}
		control={
			2709.000000 1798.000000 2750.000000 1789.000000 2788.000000 1775.000000 2823.110107 1741.209961 2825.000000 1712.000000 
		}
	}
	members={
		1590 1265 1263 1474 423 454 402 452 458 396 395 455 459 461 460 462 466 409 394 464 469 465 412 467 414 468 404 398 457 979 1161 1160 1165 1164 1162 448 406 403 434 399 450 436 400 449 424 442 443 440 439 431 430 432 437 433 426 428 441 438 435 
	}
}
grand_canal_trade_node={
	location=2872
	color={
		78 136 81 
	}
	outgoing={
		name="celestial_riverlands_trade_node"
		path={
			2875 2883 1505 2921 2919 
		}
		control={
			4072.000000 1004.000000 4113.000000 1082.000000 4135.000000 1133.000000 
		}
	}
	outgoing={
		name="fu_chow_trade_node"
		path={
			2875 2883 1383 2910 2894 2903 4249 2931 1506 4243 
		}
		control={
			4117.000000 1080.000000 4193.000000 1067.000000 4214.000000 1014.000000 4265.000000 1051.000000 4299.000000 1037.000000 4336.000000 984.000000 4366.000000 981.000000 4402.000000 1077.000000 
		}
	}
	members={
		1382 1505 1383 4823 4824 4825 4826 4827 4257 2944 2938 4250 4112 2869 2940 2945 2941 2946 2951 2872 2868 2870 2876 2883 2884 2882 2866 2863 2864 2512 2333 2954 2956 4054 2958 2865 4105 4109 2943 
	}
}
celestial_riverlands_trade_node={
	location=2919
	color={
		185 175 105 
	}
	outgoing={
		name="fu_chow_trade_node"
		path={
			2905 2929 2931 1506 4243 
		}
		control={
			4160.000000 1217.000000 4160.000000 1217.000000 4189.000000 1234.000000 4235.000000 1197.000000 4259.000000 1203.000000 4267.000000 1218.000000 
		}
	}
	outgoing={
		name="wei_jin_trade_node"
		path={
			2920 2923 1514 2985 2986 4025 4024 4023 2843 2836 2838 
		}
		control={
			4138.000000 1324.000000 
		}
	}
	outgoing={
		name="ivory_road_trade_node"
		path={
			2920 2923 2924 2975 2976 2976 2977 2972 
		}
		control={
			4087.000000 1198.000000 4007.000000 1265.000000 3938.000000 1271.000000 
		}
	}
	members={
		1514 1469 2986 2988 2990 2976 2920 2926 2921 2918 2916 2911 2914 2915 2908 2907 2928 2905 2924 2922 2919 2923 2968 2975 2985 2966 2909 2335 2965 2996 2997 4248 4025 2964 2970 2969 
	}
}
fu_chow_trade_node={
	location=4243
	color={
		128 64 0 
	}
	outgoing={
		name="wei_jin_trade_node"
		path={
			1506 3000 2998 4020 4031 4032 2854 2844 2836 2838 
		}
		control={
			4330.740234 1309.520020 4305.000000 1470.000000 4162.000000 1481.000000 
		}
	}
	outgoing={
		name="calith_trade_node"
		path={
			2933 2899 1552 1550 1419 2879 2877 
		}
		control={
			4431.000000 1079.000000 4423.000000 850.000000 4346.000000 711.000000 4450.000000 599.000000 4275.000000 261.000000 
		}
	}
	members={
		4796 4805 2852 4020 1543 4243 3000 2999 2998 3003 3002 3001 2933 2931 2903 2894 2910 2888 2901 4251 2861 2859 2886 2892 2889 2891 2898 1549 1506 1548 1418 4797 4798 2904 4799 
	}
}
calith_trade_node={
	location=2877
	color={
		66 154 209 
	}
	outgoing={
		name="eastern_colonies_trade_node"
		path={
			1342 1459 1511 2748 
		}
		control={
			4056.000000 199.000000 3753.000000 331.000000 
		}
	}
	members={
		1551 1561 1552 1553 1587 1562 1571 1589 1573 1588 2877 2879 2900 2890 2878 4587 4751 4752 2403 4146 2425 4758 4150 2426 4759 2424 2428 1028 2896 2893 2897 2895 2899 4755 4753 4757 4756 4754 4786 2902 4172 4256 1497 1419 1421 1342 1411 2674 2677 2688 2695 4042 4049 4053 4051 4057 4060 4062 4379 4380 4381 
	}
}
quatar_trade_node={
	location=931
	color={
		207 210 120 
	}
	inland=yes
	outgoing={
		name="great_mortis_river_trade_node"
		path={
			932 943 944 892 862 860 1256 896 
		}
		control={
			2720.000000 991.000000 
		}
	}
	members={
		931 970 951 950 954 932 930 929 926 949 948 946 947 928 927 925 952 953 945 933 934 969 1786 1785 1010 1788 1793 1792 1789 1790 1791 1794 4210 4209 940 4208 
	}
}
isthmus_of_lustria={
	location=2312
	color={
		128 128 64 
	}
	outgoing={
		name="western_ulthuan_trade_node"
		path={
			2315 1509 1305 1294 1869 
		}
		control={
			1079.000000 1154.000000 1109.000000 1156.000000 1198.000000 1185.000000 1273.000000 1240.000000 1328.000000 1241.000000 
		}
	}
	outgoing={
		name="fertile_heart_trade_node"
		path={
			2315 1509 1312 1324 1862 481 1969 1301 1319 1456 1473 1024 1025 4193 1746 
		}
		control={
			1162.000000 1132.000000 1243.000000 1043.000000 1391.000000 968.000000 1557.000000 957.000000 1771.000000 931.000000 2005.000000 1152.000000 
		}
	}
	outgoing={
		name="broken_lands_trade_node"
		path={
			2306 4625 4927 2102 2094 2096 4831 
		}
		control={
			978.000000 1155.000000 873.000000 1214.000000 860.000000 1284.000000 817.000000 1345.000000 908.000000 1353.000000 
		}
	}
	members={
		1509 1542 1369 1508 1389 1426 2312 2315 2398 2356 2303 2304 2305 2306 2349 2351 2350 2352 2353 2354 2355 2313 2326 2325 2320 2317 4220 2311 2310 2309 2307 2308 2323 2314 2322 2321 2324 2319 2318 2334 2327 2329 2330 2340 2342 2343 2328 2337 2331 2346 
	}
}
north_ulthuan_trade_node={
	location=1879
	color={
		236 64 134 
	}
	outgoing={
		name="inner_sea_trade_node"
		path={
			481 1856 1209 451 
		}
		control={
			1489.000000 1337.000000 1640.000000 1285.000000 1652.000000 1159.000000 1596.000000 1114.000000 1575.000000 1078.000000 
		}
	}
	outgoing={
		name="western_ulthuan_trade_node"
		path={
			1870 1294 1869 
		}
		control={
			1461.000000 1389.000000 1427.000000 1384.000000 1411.000000 1348.000000 1379.000000 1331.000000 1380.000000 1299.000000 1352.000000 1289.000000 
		}
	}
	outgoing={
		name="slavers_gate_trade_node"
		path={
			1277 1321 1280 1354 1804 1801 2566 
		}
		control={
			1467.000000 1399.000000 1435.000000 1453.000000 1410.000000 1578.000000 1469.000000 1657.000000 1468.089966 1714.979980 1434.050049 1724.489990 1410.000000 1742.000000 1432.000000 1764.000000 1458.000000 1782.000000 1444.000000 1805.000000 1454.000000 1826.000000 
		}
	}
	outgoing={
		name="eastern_ulthuan_trade_node"
		path={
			1880 1882 1937 1938 1290 1965 
		}
		control={
			1490.000000 1417.000000 1520.000000 1424.000000 1563.000000 1427.000000 1603.000000 1413.000000 1625.000000 1395.000000 1658.000000 1384.000000 1685.000000 1363.000000 
		}
	}
	members={
		1279 1277 1321 1320 1299 1901 1870 1872 1874 1873 1875 1879 1880 1876 1877 1882 1933 1950 1978 1934 1878 1937 1936 1881 1938 1939 1942 1941 1940 
	}
}
broken_lands_trade_node={
	location=4831
	color={
		0 128 128 
	}
	outgoing={
		name="arnheim_trade_node"
		path={
			2121 2119 2115 4931 2094 2092 2085 1365 2142 
		}
		control={
			963.000000 1370.000000 1085.000000 1432.000000 
		}
	}
	outgoing={
		name="yin_lands_trade_node"
		path={
			4722 4930 2132 2133 
		}
		control={
			914.000000 1374.000000 890.000000 1369.000000 864.000000 1364.000000 813.000000 1397.000000 775.000000 1464.000000 741.000000 1455.000000 720.000000 1438.000000 707.000000 1490.000000 671.000000 1545.000000 690.000000 1607.000000 671.000000 1636.000000 677.000000 1660.000000 659.000000 1687.000000 665.000000 1714.000000 
		}
	}
	members={
		4831 1422 2117 2116 2115 2119 2120 2121 2118 2114 2113 2112 2106 2110 2109 2302 2300 2301 921 2107 2108 2111 2612 2615 2613 2616 2617 2614 2622 2621 2623 2625 2624 2626 2620 2619 1424 1682 1559 1557 1684 1687 1694 1427 2618 
	}
}
slavers_gate_trade_node={
	location=2566
	color={
		185 14 114 
	}
	outgoing={
		name="albion_trade_node"
		path={
			1801 1356 1483 1496 1480 1361 1666 4347 4369 1089 1088 1087 1086 
		}
		control={
			1452.000000 1852.000000 1471.000000 1882.000000 1517.000000 1856.000000 1593.000000 1873.000000 1926.000000 1875.000000 2105.000000 1757.000000 2192.000000 1797.000000 2293.000000 1822.000000 2416.000000 1793.000000 
		}
	}
	outgoing={
		name="naggarond_trade_node"
		path={
			1532 1352 1372 2029 2587 2023 2021 2020 2015 2016 2009 
		}
		control={
			1439.000000 1823.000000 1394.000000 1799.000000 1329.000000 1807.000000 1269.000000 1825.000000 1228.000000 1749.000000 1191.000000 1712.000000 1103.000000 1701.000000 1040.000000 1747.000000 979.000000 1761.000000 897.000000 1798.000000 855.000000 1786.000000 824.000000 1814.000000 
		}
	}
	members={
		2566 1801 1995 1960 2066 2064 2063 2062 2061 2057 2060 2054 2059 1961 1981 1803 1804 1979 2567 2536 1990 2529 1750 4056 2056 2539 2540 1372 1350 1352 1532 1353 1354 1356 1989 2528 2527 2075 2031 1962 2029 2526 1963 
	}
}
eastern_ulthuan_trade_node={
	location=1965
	color={
		51 125 188 
	}
	outgoing={
		name="inner_sea_trade_node"
		path={
			1301 1287 1288 1394 451 
		}
		control={
			1695.000000 1279.000000 1697.000000 1160.000000 1659.000000 1116.000000 1625.000000 1072.000000 1576.000000 1064.000000 
		}
	}
	outgoing={
		name="magritta_trade_node"
		path={
			1956 1316 1630 1278 554 248 544 542 498 553 
		}
		control={
			1743.000000 1321.000000 1794.000000 1358.000000 2079.000000 1361.000000 2317.000000 1407.000000 2406.000000 1425.000000 
		}
	}
	members={
		1943 1945 1944 1946 1955 1972 1956 1957 1949 1966 1965 1947 1968 1813 1948 1969 1970 1952 1930 1971 1973 1953 1974 1317 1287 1319 1316 1313 1290 1301 
	}
}
yin_lands_trade_node={
	location=2133
	color={
		135 66 89 
	}
	outgoing={
		name="naggarond_trade_node"
		path={
			4720 2008 2009 
		}
		control={
			728.000000 1728.000000 776.000000 1752.000000 806.000000 1795.000000 
		}
	}
	outgoing={
		name="ihan_trade_node"
		path={
			2135 1424 1429 1580 1578 1596 1617 1555 2824 
		}
		control={
			610.000000 1739.000000 516.000000 1785.000000 306.000000 1742.000000 5352.000000 1788.000000 4856.000000 1616.000000 
		}
	}
	members={
		2133 2594 2132 2595 2131 4259 2128 2130 2605 2606 2604 2602 2603 2601 2599 2134 2600 2597 2598 2135 2136 2596 2137 2138 2140 2139 2480 2125 2127 2124 2123 2608 2607 2610 2609 2611 2122 
	}
}
ihan_trade_node={
	location=2824
	color={
		157 193 67 
	}
	outgoing={
		name="hungaria_trade_node"
		path={
			1575 2827 2826 2825 4037 2708 2709 2713 2728 
		}
		control={
			4527.000000 1599.000000 4369.000000 1671.000000 4227.000000 1623.000000 
		}
	}
	members={
		1555 1574 1576 1577 4794 4793 4804 4803 4802 4801 2011 2735 2821 2819 2824 2151 2153 4382 4378 4034 2885 4800 4795 
	}
}
hungaria_trade_node={
	location=4040
	color={
		0 128 0 
	}
	inland=yes
	outgoing={
		name="wei_jin_trade_node"
		path={
			2736 2739 2738 2710 4038 2826 2830 2837 2838 
		}
		control={
			4107.000000 1605.000000 4135.000000 1557.000000 
		}
	}
	outgoing={
		name="kurgania_trade_node"
		path={
			2728 2726 2717 2716 2696 1997 2681 2679 2671 2664 
		}
		control={
			4048.000000 1620.000000 3981.000000 1664.000000 3860.000000 1653.000000 3795.000000 1770.000000 3666.000000 1739.000000 3575.000000 1763.000000 
		}
	}
	members={
		4050 4052 2146 2149 1217 4046 1219 1964 4045 4047 4048 4044 4058 4043 2722 2729 2728 2711 2726 2730 4061 2736 2739 4041 4040 4039 4038 2738 2713 2712 2706 4035 4036 2707 2708 2709 2710 4037 4459 4460 3241 2724 2701 2703 2705 2704 4828 4377 2098 
	}
}
kurgania_trade_node={
	location=2664
	color={
		128 128 255 
	}
	inland=yes
	outgoing={
		name="path_to_the_east_trade_node"
		path={
			2663 2763 2762 
		}
		control={
			3494.000000 1696.000000 3517.000000 1634.000000 
		}
	}
	outgoing={
		name="the_skull_road_trade_node"
		path={
			2665 2659 2656 2651 2645 2641 2637 2634 2632 
		}
		control={
			3448.000000 1792.000000 3359.000000 1778.000000 3357.000000 1840.000000 3335.000000 1877.000000 3282.000000 1849.000000 3219.000000 1867.000000 
		}
	}
	members={
		2658 2702 2684 2685 2669 2662 2663 2680 2670 1823 2700 2699 2717 2716 2697 1997 2683 2698 2692 2696 2693 2664 2661 2672 2678 2691 2676 2679 2690 2681 2682 2671 2731 2659 2657 4938 2660 2665 3246 3247 3248 
	}
}
the_skull_road_trade_node={
	location=4929
	color={
		198 176 103 
	}
	inland=yes
	outgoing={
		name="wheatlands_trade_node"
		path={
			2634 1168 794 
		}
		control={
			3139.000000 1841.000000 3181.000000 1801.000000 3222.000000 1759.000000 
		}
	}
	members={
		2686 2673 2667 2666 2636 2648 2652 2653 2649 2650 2646 2647 2644 2651 2645 2642 2641 2643 2656 2655 2654 4923 4928 4924 4926 4929 1991 1808 3237 3236 3238 2640 2637 3239 2573 3245 3244 3242 3243 2579 2570 2675 2668 2719 3235 3230 3229 2720 3231 3234 3233 3232 2638 2715 2718 2689 2714 
	}
}
wei_jin_trade_node={
	location=2838
	color={
		255 128 64 
	}
	outgoing={
		name="ivory_road_trade_node"
		path={
			2836 2843 2992 2993 2991 2982 2840 2793 2802 2796 2794 2795 
		}
		control={
			3951.000000 1383.000000 
		}
	}
	members={
		1707 1710 1502 2838 2837 2834 2854 2853 2847 2848 2829 2828 2833 4023 2994 2982 2842 2984 2843 2992 2839 2841 2832 2831 2825 2830 2826 2827 2855 2835 2836 2844 2845 2846 2983 4022 4024 4028 4031 4032 4033 4247 1575 2840 2981 2979 2980 2850 2851 4029 2977 
	}
}
ivory_road_trade_node={
	location=2972
	color={
		194 211 117 
	}
	outgoing={
		name="pigbarter_trade_node"
		path={
			2963 2880 2282 601 2280 2270 2271 2206 
		}
		control={
			3805.000000 1319.000000 3716.000000 1289.000000 3648.000000 1302.000000 3629.000000 1354.000000 3528.000000 1353.000000 3478.000000 1351.000000 
		}
	}
	outgoing={
		name="path_to_the_east_trade_node"
		path={
			1215 2880 2806 2805 2783 2800 2792 2791 2768 2766 2762 
		}
		control={
			3854.000000 1408.000000 3759.000000 1444.000000 3671.000000 1453.000000 3619.000000 1563.000000 3511.000000 1570.000000 
		}
	}
	members={
		2787 2785 2780 2782 2784 2786 2788 2796 2789 2794 2790 2797 2809 2810 2811 2812 2813 2816 2817 2818 2802 2815 2803 2795 2804 2805 2807 2806 2808 2814 4272 2282 2283 2281 2280 601 2277 2285 2960 2959 2962 2973 2974 2961 2963 1215 2972 2971 
	}
}
pigbarter_trade_node={
	location=2206
	color={
		255 128 128 
	}
	outgoing={
		name="eastern_colonies_trade_node"
		path={
			1333 1339 1332 1351 1495 1507 1512 2778 2748 
		}
		control={
			3371.000000 1262.000000 3366.000000 1237.000000 3355.000000 1224.000000 3370.000000 1129.000000 3455.000000 941.000000 3498.000000 531.000000 
		}
	}
	outgoing={
		name="zharr_naggrund_trade_node"
		path={
			2210 2209 2219 2227 2236 2243 2245 471 805 806 810 
		}
		control={
			3454.000000 1428.000000 
		}
	}
	outgoing={
		name="gates_of_zhar_trade_node"
		path={
			2210 2218 2215 2214 2199 1787 2223 2233 2235 
		}
		control={
			3340.000000 1427.000000 
		}
	}
	members={
		2145 2204 2144 4108 2126 2155 2156 2147 2154 2272 2172 1249 1248 1120 1051 1333 1339 4808 2271 2270 2205 2206 2207 2269 2268 2210 2209 2211 2267 2208 2226 2229 2276 2273 
	}
}
eastern_colonies_trade_node={
	location=2748
	color={
		255 128 64 
	}
	outgoing={
		name="dawns_light_trade_node"
		path={
			1504 1492 1487 4331 4330 4329 4328 4327 
		}
		control={
			3333.000000 370.000000 2901.540039 101.300003 
		}
	}
	members={
		1516 1525 1512 1642 1504 1616 1360 1491 1511 1518 1515 1524 1670 4920 3999 4922 4921 551 2748 2778 4308 4306 4305 4307 2936 4304 4309 1994 4312 4314 4315 2007 2740 2746 2747 2741 1996 4313 2742 4316 4310 2743 2744 2745 2005 4119 4118 4114 4115 4120 4116 4117 4121 
	}
}
dawns_light_trade_node={
	location=4327
	color={
		255 255 128 
	}
	outgoing={
		name="sud_trade_node"
		path={
			1461 1462 1454 1451 1446 1468 1004 
		}
		control={
			2538.000000 193.000000 
		}
	}
	members={
		4325 4376 4329 4328 4326 4327 4340 4341 4342 4343 4330 4331 4332 916 1461 1478 1465 1482 1484 
	}
}
sud_trade_node={
	location=1004
	color={
		181 149 53 
	}
	outgoing={
		name="fertile_heart_trade_node"
		path={
			1245 1239 1238 4164 1026 1020 1019 1017 4193 1746 
		}
		control={
			2124.000000 760.000000 2045.000000 776.000000 1974.000000 827.000000 2007.000000 1016.000000 2077.000000 1120.000000 
		}
	}
	outgoing={
		name="inner_sea_trade_node"
		path={
			1468 1245 451 
		}
		control={
			2149.000000 768.000000 2108.000000 748.000000 2009.000000 767.000000 1853.000000 873.000000 1689.000000 1001.000000 1551.000000 1031.000000 
		}
	}
	members={
		1466 1468 1374 4206 4204 4205 4202 4201 4200 1247 1004 1243 1229 1228 1226 1225 2239 1224 1223 780 1013 1227 1230 1244 1246 1245 4203 1125 1231 1234 1235 1238 1241 1121 1743 1122 1742 1233 1232 1236 1240 1239 1124 
	}
}
path_to_the_east_trade_node={
	location=2762
	color={
		71 208 191 
	}
	inland=yes
	outgoing={
		name="zharr_naggrund_trade_node"
		path={
			2760 4197 810 
		}
		control={
			3442.000000 1614.000000 3370.000000 1574.000000 3315.000000 1601.000000 
		}
	}
	members={
		2761 2753 2752 2749 2750 2751 2754 2755 2756 2757 2758 2762 2763 2759 2764 2774 2773 2765 2767 2768 2770 2771 2791 2769 2775 2776 2777 4300 4303 2766 4301 4302 2801 2772 2799 2792 2800 2798 1208 4936 599 
	}
}
gates_of_zhar_trade_node={
	location=2235
	color={
		148 215 111 
	}
	inland=yes
	outgoing={
		name="zharr_naggrund_trade_node"
		path={
			2246 817 814 811 810 
		}
		control={
			3260.000000 1549.000000 
		}
	}
	outgoing={
		name="barak_varr_trade_node"
		path={
			2232 2230 2249 4155 867 879 874 875 818 4950 754 
		}
		control={
			3127.000000 1489.000000 3057.000000 1482.000000 2979.000000 1483.000000 2951.000000 1468.000000 2907.000000 1483.000000 
		}
	}
	outgoing={
		name="the_wolf_lands_trade_node"
		path={
			2232 2230 2249 4155 867 879 874 875 818 4950 754 
		}
		control={
			3210.000000 1430.000000 3172.000000 1399.000000 3147.820068 1348.260010 
		}
	}
	members={
		2233 2234 2223 2224 2187 2188 2221 2222 2232 2231 2230 2249 2250 1983 2721 1993 2225 2227 2236 2217 2189 2737 2099 2192 2193 2195 2196 2198 2199 2214 2215 2213 4750 2197 2201 2212 2202 4258 2235 2251 2253 2252 2255 2254 2247 2246 2243 2228 2219 2218 2237 2244 2245 
	}
}
zharr_naggrund_trade_node={
	location=810
	color={
		128 0 0 
	}
	outgoing={
		name="wheatlands_trade_node"
		path={
			806 805 2261 2260 803 801 800 790 791 794 
		}
		control={
			3270.000000 1636.000000 3213.000000 1634.000000 3191.000000 1667.000000 3159.000000 1697.000000 
		}
	}
	members={
		810 811 815 817 814 813 805 4197 4244 2264 2265 816 2256 812 807 808 809 806 2257 2258 2259 2260 2261 2275 2238 1008 2241 2242 2266 
	}
}
wheatlands_trade_node={
	location=794
	color={
		105 165 232 
	}
	outgoing={
		name="kislev_trade_node"
		path={
			483 
		}
		control={
			3127.000000 1705.000000 3068.000000 1730.000000 3014.000000 1714.000000 
		}
	}
	outgoing={
		name="northern_mountains_trade_node"
		path={
			804 1284 477 2101 1163 
		}
		control={
			3096.000000 1753.000000 3052.000000 1769.000000 3027.000000 1761.000000 2977.000000 1773.000000 
		}
	}
	members={
		1475 1284 793 804 794 791 800 786 784 785 795 787 802 801 798 803 796 797 783 788 790 799 792 789 762 486 482 485 478 477 2639 2631 2634 2632 419 476 2630 2627 2629 418 416 2635 3240 4907 2025 2723 3228 2694 2687 2633 2628 1050 2150 2220 1211 
	}
}
kislev_trade_node={
	location=339
	color={
		72 115 41 
	}
	inland=yes
	outgoing={
		name="sea_of_claws_trade_node"
		path={
			1471 1252 1266 
		}
		control={
			2942.000000 1724.000000 2949.000000 1714.000000 2934.000000 1711.000000 2923.000000 1699.000000 2892.000000 1690.000000 2867.000000 1697.000000 
		}
	}
	outgoing={
		name="northern_mountains_trade_node"
		path={
			369 362 345 343 337 336 443 4948 457 466 469 1119 
		}
		control={
			2961.000000 1735.000000 
		}
	}
	members={
		326 327 329 379 380 349 383 384 389 328 357 381 339 378 362 352 368 351 475 474 473 483 350 354 355 356 472 
	}
}
northern_mountains_trade_node={
	location=1163
	color={
		102 70 42 
	}
	inland=yes
	outgoing={
		name="karaz_a_karak_trade_node"
		path={
			4945 448 21 338 345 367 368 384 383 375 374 329 181 185 184 195 199 198 4471 4470 4472 4531 4533 4536 4463 703 700 
		}
		control={
			2987.000000 1765.000000 3036.000000 1754.000000 3055.000000 1736.000000 3064.000000 1715.000000 3022.000000 1605.000000 3021.000000 1571.000000 2989.000000 1559.000000 2969.000000 1551.000000 2967.000000 1529.000000 2977.000000 1518.000000 
		}
	}
	outgoing={
		name="north_skavendom_trade_node"
		path={
			1300 
		}
	}
	members={
		4573 1174 1171 1172 1175 1176 1119 1126 1129 1123 1130 1131 1132 1133 1127 1128 1134 1135 1136 1159 1147 1145 1144 1143 1142 1141 1138 1148 1149 1137 1156 1139 1155 1152 1158 1151 1140 1154 1153 1157 1150 1177 1167 1169 1163 4572 4570 4569 1817 4906 1170 4568 
	}
}
fertile_heart_trade_node={
	location=1746
	color={
		31 116 222 
	}
	outgoing={
		name="magritta_trade_node"
		path={
			1748 998 991 986 978 985 974 1304 1253 1476 1293 553 
		}
		control={
			2131.000000 1215.000000 2346.000000 1352.000000 2418.000000 1402.000000 
		}
	}
	outgoing={
		name="great_mortis_river_trade_node"
		path={
			1748 1000 968 963 961 957 913 896 
		}
		control={
			2257.000000 1177.000000 2439.000000 1177.000000 2492.000000 1157.000000 
		}
	}
	members={
		1473 1457 1472 1304 1746 994 1002 1748 997 1998 4193 1025 1017 1019 1012 984 1011 1007 995 1005 1003 1006 996 1009 1014 1016 1015 1018 1024 4194 992 987 988 989 991 986 990 4168 966 965 964 975 985 971 980 977 976 967 974 973 978 1049 1029 1030 1031 998 993 982 981 1001 962 959 960 958 
	}
}
the_wolf_lands_trade_node={
	location=2182
	color={
		158 135 160 
	}
	inland=yes
	outgoing={
		name="badlands_trade_node"
		path={
			2099 2189 2183 2184 4167 736 453 537 734 190 177 
		}
		control={
			3096.000000 1345.000000 2982.000000 1366.000000 2887.000000 1325.000000 
		}
	}
	outgoing={
		name="north_skavendom_trade_node"
		path={
			1300 
		}
	}
	outgoing={
		name="barak_varr_trade_node"
		path={
			2099 2189 2183 2184 4167 691 756 753 754 
		}
		control={
			3104.000000 1365.000000 3054.000000 1424.000000 2928.000000 1430.000000 
		}
	}
	members={
		2157 2166 2185 2184 1205 1206 2180 2178 2176 2823 2183 2190 2181 2182 2179 2191 2177 2175 2174 2173 2171 2162 2165 2164 2160 2158 2161 2203 2159 4232 4196 2163 2168 2167 2170 2169 2186 48 
	}
}
badlands_trade_node={
	location=177
	color={
		230 152 162 
	}
	inland=yes
	outgoing={
		name="zandri_road_trade_node"
		path={
			1471 1252 1266 
		}
		control={
			2734.000000 1231.000000 
		}
	}
	outgoing={
		name="barak_varr_trade_node"
		path={
			1471 1252 1266 
		}
		control={
			2855.000000 1352.000000 
		}
	}
	outgoing={
		name="karak_eight_peaks_trade_node"
		path={
			176 712 711 710 709 732 550 111 1282 1256 896 
		}
		control={
			2879.000000 1267.000000 2921.000000 1332.000000 
		}
	}
	members={
		711 713 712 723 708 707 705 706 686 755 559 681 676 491 444 405 397 738 733 735 463 480 547 244 253 243 265 313 270 741 679 667 386 537 453 736 479 168 176 174 173 154 148 142 165 143 151 163 164 170 734 177 175 172 190 739 697 696 690 
	}
}
zandri_road_trade_node={
	location=102
	color={
		182 234 98 
	}
	outgoing={
		name="great_mortis_river_trade_node"
		path={
			1296 1282 1256 896 
		}
		control={
			2585.000000 1214.000000 
		}
	}
	outgoing={
		name="barak_varr_trade_node"
		path={
			91 77 1309 1308 1303 754 
		}
		control={
			2690.000000 1284.000000 2738.000000 1344.000000 2766.000000 1375.000000 2799.000000 1398.000000 2831.000000 1399.000000 
		}
	}
	members={
		138 722 710 709 737 730 715 727 726 731 732 72 73 77 91 102 106 724 108 725 109 111 550 721 714 720 115 121 124 649 716 717 718 719 557 728 729 129 750 
	}
}
north_skavendom_trade_node={
	location=4640
	color={
		45 42 143 
	}
	inland=yes
	outgoing={
		name="skavenblight_trade_node"
		path={
			2332 169 
		}
		control={
			4405.000000 1954.000000 4371.000000 1951.000000 4353.000000 1939.000000 4344.000000 1921.000000 4322.000000 1920.000000 4313.000000 1901.000000 
		}
	}
	members={
		4657 4619 4698 4697 4669 4719 4653 4652 4649 4648 4627 4650 4654 4656 4655 4651 4628 4658 4659 4640 4662 4663 4665 4636 4637 4626 4638 4635 4666 4634 4646 4664 4661 4660 4642 4641 4706 4647 4643 4723 4668 4617 4618 
	}
}
barak_varr_trade_node={
	location=754
	color={
		88 44 103 
	}
	outgoing={
		name="aver_river_trade_node"
		path={
			1471 1252 1266 
		}
		control={
			2791.000000 1443.000000 2784.000000 1488.000000 2810.000000 1517.000000 
		}
	}
	outgoing={
		name="tilean_sea_trade_node"
		path={
			1303 648 645 1370 747 746 618 605 604 1300 
		}
		control={
			2803.000000 1411.000000 2764.000000 1394.000000 2725.000000 1353.000000 2670.000000 1331.000000 2625.000000 1298.000000 2559.000000 1320.000000 2560.000000 1349.000000 2580.000000 1364.000000 
		}
	}
	outgoing={
		name="western_mountains_trade_node"
		path={
			1303 648 647 644 4503 
		}
		control={
			2808.000000 1418.000000 2778.000000 1418.000000 2761.000000 1415.000000 2746.000000 1398.000000 
		}
	}
	members={
		694 752 698 64 615 614 616 630 629 638 651 631 633 642 639 640 641 637 635 634 632 636 645 644 643 647 646 648 650 652 653 655 654 747 746 748 749 751 745 1314 1370 218 223 211 413 754 753 756 818 758 757 658 691 692 693 877 880 878 689 823 657 656 827 826 856 866 865 875 873 874 879 868 872 870 861 863 867 881 883 885 888 890 891 882 4950 1308 1303 1309 415 4080 4837 1638 618 
	}
}
western_mountains_trade_node={
	location=4503
	color={
		255 255 128 
	}
	inland=yes
	outgoing={
		name="karaz_a_karak_trade_node"
		path={
			644 643 413 655 4951 868 870 704 701 700 
		}
		control={
			2771.000000 1463.000000 2794.000000 1464.000000 2837.000000 1477.000000 2871.000000 1493.000000 2894.000000 1513.000000 2917.000000 1519.000000 2950.000000 1509.000000 
		}
	}
	outgoing={
		name="aver_river_trade_node"
		path={
			4502 4497 4498 4492 337 4267 35 38 55 52 
		}
		control={
			2740.000000 1461.000000 
		}
	}
	outgoing={
		name="skavenblight_trade_node"
		path={
			4503 
		}
	}
	members={
		4919 4918 4917 4914 4915 4262 4268 4500 4503 4506 4517 4113 4483 4484 4485 4426 4486 4487 4473 4476 4474 4475 4477 4479 4481 4480 4478 4499 4490 4491 4488 4492 4489 4493 4498 4505 4507 4511 4513 4515 4514 4516 4502 4496 4495 4497 4494 4508 4504 4509 4510 4512 4501 340 334 337 593 4518 4520 4528 4524 4527 4525 4526 4523 4522 4519 4521 
	}
}
aver_river_trade_node={
	location=52
	color={
		115 115 208 
	}
	inland=yes
	outgoing={
		name="marienburg_trade_node"
		path={
			1471 1252 1266 
		}
		control={
			2760.889893 1549.989990 2749.000000 1567.000000 2759.000000 1584.000000 2727.000000 1599.000000 2708.000000 1605.000000 2684.000000 1604.000000 2664.000000 1623.000000 
		}
	}
	outgoing={
		name="talabec_river_trade_node"
		path={
			1471 1252 1266 
		}
		control={
			2830.000000 1583.000000 
		}
	}
	members={
		27 28 31 32 23 14 33 35 37 36 38 70 71 78 53 203 56 63 67 66 65 69 68 49 55 50 52 51 54 58 61 62 59 60 45 46 47 44 40 41 39 43 779 781 57 4529 
	}
}
sea_of_claws_trade_node={
	location=332
	color={
		228 155 60 
	}
	outgoing={
		name="talabec_river_trade_node"
		path={
			1471 1252 1266 
		}
		control={
			2857.000000 1661.000000 
		}
	}
	members={
		141 144 149 333 26 341 336 335 447 446 445 1488 1927 1485 821 1146 365 347 332 366 363 375 358 330 376 325 373 331 390 348 345 338 21 342 343 344 367 
	}
}
talabec_river_trade_node={
	location=162
	color={
		232 109 183 
	}
	inland=yes
	outgoing={
		name="marienburg_trade_node"
		path={
			1471 1252 1266 
		}
		control={
			2773.000000 1622.000000 2724.000000 1615.000000 2681.000000 1620.000000 
		}
	}
	members={
		9 16 740 161 156 42 34 167 110 119 125 113 116 105 112 103 107 132 131 134 135 137 133 136 146 147 145 150 158 159 160 162 171 166 393 152 153 155 101 97 98 93 104 100 95 4357 96 208 209 610 4892 140 139 126 130 127 128 122 123 4932 744 743 
	}
}
great_mortis_river_trade_node={
	location=896
	color={
		136 53 228 
	}
	outgoing={
		name="tilean_sea_trade_node"
		path={
			1256 1282 1296 1314 743 744 610 609 604 601 1300 
		}
		control={
			2534.149902 1194.489990 2519.000000 1234.000000 2531.000000 1267.000000 2504.000000 1313.000000 2538.000000 1339.000000 2554.000000 1356.000000 2566.000000 1376.000000 
		}
	}
	members={
		1281 1711 1256 1282 896 897 904 898 899 910 900 901 911 912 902 869 871 884 876 864 860 852 841 617 502 114 120 825 889 893 887 828 843 844 853 855 892 862 854 845 846 1032 848 851 849 833 837 836 835 857 858 838 839 859 941 895 894 956 955 913 919 922 903 886 942 938 939 840 936 937 935 944 943 832 831 830 619 819 778 820 822 824 
	}
}
magritta_trade_node={
	location=553
	color={
		143 138 231 
	}
	outgoing={
		name="mandora_trade_node"
		path={
			1471 1252 1266 
		}
		control={
			2434.000000 1438.000000 2439.000000 1420.000000 2454.000000 1417.000000 
		}
	}
	outgoing={
		name="middle_sea_trade_node"
		path={
			553 1871 527 1289 
		}
		control={
			2429.000000 1459.000000 2475.000000 1466.000000 2477.000000 1490.000000 2485.000000 1502.000000 2498.000000 1509.000000 
		}
	}
	members={
		512 534 548 515 513 511 514 545 546 552 554 541 540 539 535 538 533 528 530 529 527 524 526 1871 532 543 248 1278 1564 3195 282 499 504 505 506 507 508 518 517 516 520 519 509 503 549 498 553 501 500 510 542 536 531 497 759 760 1293 1292 1460 1291 544 
	}
}
mandora_trade_node={
	location=488
	color={
		231 138 140 
	}
	outgoing={
		name="tilean_sea_trade_node"
		path={
			1471 1252 1266 
		}
		control={
			2450.000000 1399.000000 2469.000000 1381.000000 2469.000000 1358.000000 2507.000000 1348.000000 2544.000000 1372.000000 2558.000000 1386.000000 
		}
	}
	members={
		760 489 490 494 492 488 495 496 493 487 558 556 555 
	}
}
tilean_sea_trade_node={
	location=1300
	color={
		128 33 150 
	}
	outgoing={
		name="skavenblight_trade_node"
		path={
			1300 
		}
	}
	members={
		560 562 563 564 566 568 569 576 571 573 572 578 575 579 581 582 580 585 583 584 592 591 597 588 594 589 595 598 600 603 602 604 605 606 607 612 611 608 613 590 596 561 621 620 623 622 1323 1932 1295 1297 626 625 627 628 1300 742 4234 2336 565 2344 624 
	}
}
middle_sea_trade_node={
	location=1289
	color={
		78 60 96 
	}
	outgoing={
		name="languille_trade_node"
		path={
			296 297 298 299 295 
		}
		control={
			2436.000000 1651.000000 2473.000000 1691.000000 2502.000000 1686.000000 
		}
	}
	members={
		525 302 254 252 255 249 240 239 232 228 1289 226 225 231 227 229 230 522 523 221 217 521 210 212 233 241 246 247 251 303 257 256 250 213 
	}
}
languille_trade_node={
	location=295
	color={
		255 255 0 
	}
	outgoing={
		name="marienburg_trade_node"
		path={
			299 316 322 388 82 84 79 
		}
		control={
			2534.000000 1711.000000 2623.000000 1678.000000 
		}
	}
	outgoing={
		name="albion_trade_node"
		path={
			1272 4226 1086 
		}
		control={
			2517.000000 1672.000000 2506.000000 1711.000000 2483.000000 1707.000000 2455.000000 1696.000000 2446.000000 1729.000000 
		}
	}
	members={
		295 322 273 307 308 316 315 314 309 310 284 287 292 484 285 286 289 294 293 288 299 318 1276 1270 1272 1310 290 296 391 300 283 301 317 320 311 346 695 388 324 321 291 298 323 312 392 297 264 304 4246 4245 
	}
}
karak_eight_peaks_trade_node={
	location=4414
	color={
		14 198 205 
	}
	inland=yes
	outgoing={
		name="karaz_a_karak_trade_node"
		path={
			4156 1206 4167 882 881 867 878 870 704 701 700 
		}
		control={
			2990.000000 1331.000000 2989.000000 1388.000000 2989.000000 1413.000000 2989.000000 1449.000000 2989.000000 1474.000000 2987.000000 1518.000000 2966.000000 1504.000000 
		}
	}
	outgoing={
		name="south_skavendom_trade_node"
		path={
			4414 
		}
	}
	members={
		4414 4413 4410 4418 4417 4416 4415 4420 4419 4421 4530 4425 4434 4424 4438 4412 4436 4411 4439 4435 4423 4440 224 4441 4442 4443 4444 4447 4448 4445 4446 4449 4450 4740 4733 4737 4735 4738 4749 4743 4747 4741 4730 4744 4734 4736 4742 4739 4746 4745 4732 4731 4729 371 364 369 372 370 
	}
}
south_skavendom_trade_node={
	location=4716
	color={
		125 20 26 
	}
	inland=yes
	outgoing={
		name="skavenblight_trade_node"
		path={
			2332 169 
		}
		control={
			4401.000000 1838.000000 4382.000000 1813.000000 4345.000000 1869.000000 4316.000000 1881.000000 
		}
	}
	members={
		4714 4705 4691 4708 4834 4713 4715 4711 4710 4707 4709 4694 4718 4695 4693 4692 4690 4644 4689 4688 4704 4687 4703 4712 4702 4717 4670 4667 4671 4675 4674 4678 4677 4681 4699 4716 4684 4701 4700 4683 4682 4680 4679 4676 
	}
}
karaz_a_karak_trade_node={
	location=700
	color={
		70 96 177 
	}
	inland=yes
	members={
		4539 4540 4249 4270 4432 4912 4916 4911 4910 4913 700 703 702 701 704 1204 4452 4451 4453 4454 4934 4935 4838 4455 4456 4457 4458 4461 4543 4536 4463 4464 4462 353 359 360 361 4544 4546 4549 4548 4547 4545 4553 4554 4555 4550 4552 4551 4542 4472 4468 4469 4471 4470 4531 4533 4534 4532 4535 4541 4537 4538 4559 4558 4557 4556 4560 4561 4562 4564 4566 4565 4567 4563 4577 4467 4466 
	}
	end=yes
}
skavenblight_trade_node={
	location=169
	color={
		64 0 64 
	}
	inland=yes
	members={
		169 4600 4621 4602 4609 4622 4607 4606 4610 4605 4604 4603 4615 4614 4611 4612 4601 4613 4639 4645 4623 4696 4686 4685 4672 4673 4624 4630 4616 4631 4633 4632 
	}
	end=yes
}
naggarond_trade_node={
	location=2009
	color={
		128 0 255 
	}
	outgoing={
		name="arnheim_trade_node"
		path={
			1355 1285 1363 2590 2592 2048 2077 2079 1365 2142 
		}
		control={
			831.000000 1793.000000 862.000000 1776.000000 899.000000 1779.000000 938.000000 1765.000000 966.000000 1741.000000 1002.000000 1731.000000 1008.000000 1710.000000 1048.000000 1668.000000 1113.000000 1642.000000 1153.000000 1592.000000 1168.000000 1529.000000 1102.000000 1494.000000 
		}
	}
	members={
		2586 2587 2026 2024 2022 2023 2021 2017 2240 2014 1982 2018 2020 2015 2019 2036 2034 2033 2035 2032 1985 2593 1986 2016 1318 2010 2013 2009 2012 2008 2405 1355 1285 1363 1349 1347 2027 2030 2591 2590 2044 2053 2039 2037 2038 2040 2041 2042 1041 2588 2589 2592 2050 2051 2072 2071 2046 2052 
	}
}
arnheim_trade_node={
	location=2142
	color={
		255 255 0 
	}
	outgoing={
		name="western_ulthuan_trade_node"
		path={
			1364 1570 1305 1294 1869 
		}
		control={
			1194.000000 1383.000000 1290.000000 1375.000000 1279.000000 1280.000000 
		}
	}
	outgoing={
		name="albion_trade_node"
		path={
			1364 1362 1280 1357 1348 1565 1361 1666 4347 4225 
		}
		control={
			1185.000000 1418.000000 1291.000000 1484.000000 1413.000000 1529.000000 1525.000000 1535.000000 1658.000000 1555.000000 2186.000000 1747.000000 2305.840088 1722.489990 2361.000000 1761.000000 2406.000000 1787.000000 
		}
	}
	members={
		1365 1364 1362 2142 2070 1306 2143 2079 2080 2093 2089 2088 2087 2092 2085 2091 2086 2082 2083 2081 2078 2141 2097 2084 2096 2102 2094 2095 2090 2100 2105 2104 2103 2348 2047 2048 2068 2065 2067 2049 1273 2077 2076 
	}
}
western_ulthuan_trade_node={
	location=1869
	color={
		137 172 59 
	}
	outgoing={
		name="inner_sea_trade_node"
		path={
			1294 1324 1862 1925 1852 1275 1394 451 
		}
		control={
			1387.000000 1256.000000 1402.000000 1194.000000 1442.000000 1111.000000 1494.000000 1083.000000 1515.000000 1067.000000 
		}
	}
	members={
		1867 1866 1865 1862 1925 1868 1864 1863 1869 1294 1324 1328 1860 1857 1859 1858 1954 
	}
}
inner_sea_trade_node={
	location=451
	color={
		14 94 82 
	}
	members={
		451 1796 1212 1209 1855 1850 1854 1853 1852 1846 1799 1800 1805 1806 1807 1931 1809 1810 1775 1811 1815 1935 1812 1819 1825 1822 1816 1828 1821 1264 1271 1269 1268 1286 1275 1820 1818 1826 1959 1824 1830 1827 1833 1834 1837 1832 1836 1838 1841 1840 1842 1844 1843 1958 1802 1851 1848 1849 1845 1847 1394 1856 1283 1288 1967 3190 1857 1798 1951 1835 1831 1829 1839 
	}
	end=yes
}
albion_trade_node={
	location=4225
	color={
		96 142 190 
	}
	outgoing={
		name="marienburg_trade_node"
		path={
			1274 1310 306 90 81 84 79 
		}
		control={
			2482.000000 1728.000000 2613.000000 1716.000000 2647.000000 1673.000000 
		}
	}
	members={
		1274 4233 1267 4347 4225 4226 1098 1178 1097 1166 1073 1066 1078 1079 1089 1088 1087 1086 1094 1095 1093 1861 1091 1090 1092 4369 1081 1082 1034 1080 1180 1083 1084 1202 1182 1179 1173 1085 401 408 407 417 410 411 427 421 422 429 425 420 
	}
}
marienburg_trade_node={
	location=79
	color={
		89 133 92 
	}
	members={
		12 1 3 7 25 24 2 4 8 11 29 30 80 81 82 83 84 85 86 87 88 90 92 94 99 1266 79 13 5 6 15 17 18 19 22 305 306 1690 4333 4933 89 204 
	}
	end=yes
}
